1.171169611912147843e+02 2.504453024351830663e+02 5.983922958374023438e+01
1.189930151247510821e+02 2.812246178600835265e+02 6.163832473754882812e+01
1.254061392092237242e+02 3.130270716528798971e+02 6.428011322021484375e+01
1.309387222888422855e+02 3.421162207988664363e+02 6.895101928710937500e+01
1.371999714870078719e+02 3.714795915670955537e+02 8.212889099121093750e+01
1.502085764567057140e+02 3.932821758674173225e+02 1.076227035522460938e+02
1.667759690228630234e+02 4.086068716490502197e+02 1.403614959716796875e+02
1.915767058727788026e+02 4.221195891017540021e+02 1.745215759277343750e+02
2.304470620548023874e+02 4.283289978506051057e+02 1.867351684570312500e+02
2.667828335631127175e+02 4.185816060862821928e+02 1.801858215332031250e+02
2.995210840561810528e+02 4.031869676058900041e+02 1.476467590332031250e+02
3.216914551978018153e+02 3.827399036362592142e+02 1.152198715209960938e+02
3.373641881606158677e+02 3.557825617053462111e+02 9.309325408935546875e+01
3.463395512599571475e+02 3.264353567564721743e+02 8.082798004150390625e+01
3.508565779143689269e+02 2.971595010675168851e+02 7.999075317382812500e+01
3.526228719075521667e+02 2.670650171496821486e+02 7.988552856445312500e+01
3.535412985409008115e+02 2.347693806248085480e+02 7.864947509765625000e+01
1.361038460825004108e+02 2.214381384636374150e+02 1.668806762695312500e+02
1.473742882822074307e+02 2.125388500916724297e+02 1.879859466552734375e+02
1.639681646608839287e+02 2.071998522171319905e+02 2.010602111816406250e+02
1.797616981057560110e+02 2.076128176101983911e+02 2.086114959716796875e+02
1.931769967471852283e+02 2.099632053928749542e+02 2.123984985351562500e+02
2.557756254308364419e+02 2.051908349010991230e+02 2.169015502929687500e+02
2.692236988740809238e+02 2.007674457205978342e+02 2.141638183593750000e+02
2.858035674450444503e+02 1.978511193847656386e+02 2.074197692871093750e+02
3.049588109633502881e+02 2.010992303765989107e+02 1.960357208251953125e+02
3.190382762235753944e+02 2.099332677983302915e+02 1.787538909912109375e+02
2.280713224523207998e+02 2.406852130845014131e+02 2.182974700927734375e+02
2.275415113262101841e+02 2.616244482182521551e+02 2.307379913330078125e+02
2.267080756692325565e+02 2.803241682344324772e+02 2.433507385253906250e+02
2.268149165134804264e+02 2.974904475672104809e+02 2.474772796630859375e+02
2.045519917207605829e+02 3.143923223039215600e+02 2.111479797363281250e+02
2.129842295328776345e+02 3.159341638183593659e+02 2.190957031250000000e+02
2.255891466327742307e+02 3.187580761958103608e+02 2.235374755859375000e+02
2.349641079771752743e+02 3.146974882716758657e+02 2.212267913818359375e+02
2.457494648054534707e+02 3.117486809704350890e+02 2.151573333740234375e+02
1.580178618187998154e+02 2.450062267707376122e+02 1.791602935791015625e+02
1.677459567200904189e+02 2.378629095818014889e+02 1.902300109863281250e+02
1.814686949486826393e+02 2.375227818986481338e+02 1.929012756347656250e+02
1.957904740875842720e+02 2.436028737266391033e+02 1.897350769042968750e+02
1.835929202210669473e+02 2.487045384904450316e+02 1.907362976074218750e+02
1.684508365406709913e+02 2.491364780081954677e+02 1.872954559326171875e+02
2.579493789972043487e+02 2.405606553500306575e+02 1.954533386230468750e+02
2.716461440142463744e+02 2.325941626933976920e+02 1.998897857666015625e+02
2.860999857584635606e+02 2.314953108723958621e+02 1.992003326416015625e+02
2.970799104578355241e+02 2.378503950410730852e+02 1.899033355712890625e+02
2.853848361146216348e+02 2.428058641501034174e+02 1.969932556152343750e+02
2.701493702607996283e+02 2.440054488716873493e+02 1.977480926513671875e+02
1.815408245610256017e+02 3.560999242924708597e+02 1.874403839111328125e+02
1.964686870500153191e+02 3.479994615023744018e+02 2.084047851562500000e+02
2.155806547277113907e+02 3.428661683804381255e+02 2.211718750000000000e+02
2.268591172162224154e+02 3.446648132802926057e+02 2.226894378662109375e+02
2.347311583275888438e+02 3.424068779919194299e+02 2.229360961914062500e+02
2.560932385014552892e+02 3.463725134037990188e+02 2.134361114501953125e+02
2.736430562337239962e+02 3.531416756902956422e+02 1.974489440917968750e+02
2.548582199994255575e+02 3.643295016898360927e+02 2.111448059082031250e+02
2.415538855459175807e+02 3.694539893535539363e+02 2.162404479980468750e+02
2.277511660108379203e+02 3.707425149835324873e+02 2.175560302734375000e+02
2.101087464575674062e+02 3.714548129691329450e+02 2.138209381103515625e+02
1.975056887159160510e+02 3.669494434311810664e+02 2.057745666503906250e+02
1.857005076090494811e+02 3.549993190870097806e+02 1.886443328857421875e+02
2.119070349001416957e+02 3.532036221852022209e+02 2.108336791992187500e+02
2.278178909600949567e+02 3.521364083563112786e+02 2.169917755126953125e+02
2.406163258272058840e+02 3.522153684608609296e+02 2.140839233398437500e+02
2.712182604023054182e+02 3.535266880888097489e+02 1.981778259277343750e+02
2.399567064472273330e+02 3.559473413085937636e+02 2.139469451904296875e+02
2.278476792279411711e+02 3.571226098632812409e+02 2.148763885498046875e+02
2.119648002474915813e+02 3.579184729961320954e+02 2.111048583984375000e+02
